FID	IID	AGE	sex	APOEe4
3	cira003	72	2	0
4	cira004	61	2	0
5	cira005	65	1	1
9	cira009	77	2	1
10	cira010	84	1	0
11	cira011	75	1	1
12	cira012	78	2	1
13	cira013	79	1	2
14	cira014	70	1	1
15	cira015	59	2	0
16	cira016	84	1	1
19	cira019	69	1	1
20	cira020	83	2	1
21	cira021	79	2	1
22	cira022	67	2	0
23	cira023	77	2	1
24	cira024	75	2	1
26	cira026	82	2	1
28	cira028	74	1	0
30	cira030	75	2	1
32	cira032	61	2	1
33	cira033	62	2	1
34	cira034	81	1	1
35	cira035	85	2	1
37	cira037	74	2	0
38	cira038	70	2	0
39	cira039	75	1	1
41	cira041	72	2	0
42	cira042	76	2	2
44	cira044	83	2	0
46	cira046	77	1	1
47	cira047	76	1	1
48	cira048	78	1	1
50	cira050	79	2	0
51	cira051	77	2	1
52	cira052	57	1	2
53	cira053	88	1	0
54	cira054	78	1	0
55	cira055	75	1	0
56	cira056	85	2	0
57	cira057	77	2	2
58	cira058	77	2	1
59	cira059	76	1	1
60	cira060	74	2	2
61	cira061	65	2	0
62	cira062	73	1	2
63	cira063	84	2	0
64	cira064	90	2	1
65	cira065	72	2	0
66	cira066	64	1	1
67	cira067	74	2	0
68	cira068	63	2	1
70	cira070	76	1	2
71	cira071	72	1	0
72	cira072	74	2	0
73	cira073	75	2	1
74	cira074	82	2	0
75	cira075	83	2	0
76	cira076	65	2	1
77	cira077	82	2	2
78	cira078	72	1	2
79	cira079	80	2	1
80	cira080	86	2	2
81	cira081	84	2	0
82	cira082	71	2	0
83	cira083	82	2	0
84	cira084	70	2	2
86	cira086	80	2	0
87	cira087	71	2	0
88	cira088	75	1	1
89	cira089	76	2	0
90	cira090	75	2	0
91	cira091	76	1	0
92	cira092	76	2	0
93	cira093	76	2	1
94	cira094	80	2	1
96	cira096	63	2	0
97	cira097	70	1	0
98	cira098	77	1	1
101	cira101	58	2	0
107	cira107	86	1	0
109	cira109	86	2	1
111	cira111	67	2	0
112	cira112	82	1	1
113	cira113	85	1	1
114	cira114	82	1	1
116	cira116	83	2	0
118	cira118	66	2	1
119	cira119	79	2	1
120	cira120	84	1	0
121	cira121	85	2	0
122	cira122	78	2	1
123	cira123	89	2	1
124	cira124	76	1	2
125	cira125	86	2	2
126	cira126	76	2	0
127	cira127	81	1	0
128	cira128	86	2	1
130	cira130	75	2	1
132	cira132	79	2	0
133	cira133	74	1	0
134	cira134	74	2	2
